#Accelerometer
accelerometer_noise_density: 0.0029340630372290295 
accelerometer_random_walk: 9.853666441173782e-05 

#Gyroscope
gyroscope_noise_density: 6.412307770297948e-05 
gyroscope_random_walk: 3.253611787486156e-05 

rostopic: '/sensors/imu' #Make sure this is correct
update_rate: 400.0 #Make sure this is correct

